1 x 1;1;2;6;4;2
1 x 2;2;1;5;4;3
1 x 3;3;6;8;9;2
1 x 4;4;8;3;12;11
1 x 5;5;6;3;2;8
1 x 6;6;1;2;9;61
1 x 7;7;14;2;1;6
1 x 8;8;18;2;3;1
1 x 9;9;1;19;2;91
2 x 1;2;5;11;7;3
2 x 2;4;8;3;12;9
2 x 3;6;8;12;4;11
2 x 4;8;9;15;18;6
2 x 5;10;11;15;2;0
2 x 6;12;18;6;19;7
2 x 7;14;15;22;3;2
2 x 8;16;17;21;26;14
2 x 9;18;17;23;13;9
3 x 1;3;12;1;6;18
3 x 2;6;12;3;4;14
3 x 3;9;12;8;15;3
3 x 4;12;13;18;21;7
3 x 5;15;16;25;31;10
3 x 6;18;21;29;16;30
3 x 7;21;22;33;17;5
3 x 8;24;42;55;23;1
3 x 9;27;37;29;14;54
4 x 4;16;22;18;29;36
4 x 5;20;30;40;41;54
4 x 6;24;32;16;89;67
4 x 7;28;82;23;97;34
4 x 8;32;62;41;85;12
4 x 9;36;63;81;12;62
5 x 3;15;18;25;13;30
5 x 4;20;30;40;22;50
5 x 5;25;35;45;55;15
5 x 6;30;20;65;80;25
5 x 7;35;25;89;12;31
5 x 8;40;30;90;92;58
5 x 9;45;55;12;38;92
6 x 3;18;16;29;87;37
6 x 4;24;38;64;91;12
6 x 5;30;40;13;65;48
6 x 6;36;26;85;19;66
6 x 7;42;24;67;74;83
6 x 8;48;56;64;52;80
6 x 9;54;52;68;92;12
7 x 3;21;28;35;12;77
7 x 4;28;35;67;83;92
7 x 5;35;53;15;18;29
7 x 6;42;49;24;16;72
7 x 7;49;59;19;34;21
7 x 8;56;65;19;32;18
7 x 9;63;36;19;13;33
8 x 3;24;42;22;19;67
8 x 4;32;23;33;63;97
8 x 5;40;20;24;68;92
8 x 6;48;58;66;36;28
8 x 7;56;46;82;16;23
8 x 8;64;26;46;82;78
8 x 9;72;27;85;63;24
9 x 3;27;72;88;14;25
9 x 4;36;63;96;24;41
9 x 5;45;54;91;22;17
9 x 6;54;98;72;39;27
9 x 7;63;23;27;67;91
9 x 8;72;27;80;18;12
9 x 9;81;91;68;87;92
1 x 1;1;2;6;4;2
10 x 10;100;1000;1;10;12
10 x 20;200;2000;2;12;22
10 x 30;300;15;33;18;900
10 x 40;400;44;48;10;4000
10 x 50;500;5;14;59;55
10 x 60;600;66;16;96;10
10 x 70;700;77;7;17;27
10 x 80;800;88;8;18;8000
10 x 90;900;99;19;9;91
10 x 100;1000;10;1;11;100
2 x 11;22;29;11;91;99
2 x 12;24;22;26;12;18
2 x 13;26;44;46;62;12
2 x 14;28;14;84;42;29
2 x 15;30;33;5;95;40
2 x 16;32;33;18;36;42
2 x 17;34;44;13;43;64
2 x 18;36;46;44;66;63
2 x 19;38;83;13;33;36
3 x 11;33;34;13;39;66
3 x 12;36;63;66;16;46
3 x 13;39;93;99;38;18
3 x 14;42;24;28;44;56
3 x 15;45;55;50;32;51
3 x 16;48;44;84;88;28
3 x 17;51;55;15;53;60
3 x 18;54;45;48;51;52
3 x 19;57;75;77;17;98
4 x 11;44;24;19;84;12
4 x 12;48;88;84;19;25
4 x 13;52;25;88;45;76
4 x 14;56;66;18;42;82
4 x 15;60;66;30;42;90
4 x 16;64;60;24;54;98
4 x 17;68;71;80;57;69
4 x 18;72;77;98;99;102
4 x 19;76;66;85;92;36
5 x 11;55;110;60;86;95
5 x 12;60;70;56;65;88
5 x 13;65;54;56;87;93
5 x 14;70;99;71;80;55
5 x 15;75;80;15;88;91
5 x 16;80;90;77;26;105
5 x 17;85;72;76;82;95
5 x 18;90;120;80;103;115
5 x 19;95;100;101;90;120
6 x 11;66;15;67;83;150
6 x 12;72;77;82;90;101
6 x 13;78;100;86;19;22
6 x 14;84;88;130;90;66
6 x 15;90;100;88;91;53
6 x 16;96;99;100;26;67
6 x 17;102;105;25;77;190
6 x 18;108;120;180;80;99
6 x 19;114;122;68;90;84
7 x 11;77;14;17;94;83
7 x 12;84;88;93;68;22
7 x 13;91;100;92;93;16
7 x 14;98;66;93;108;15
7 x 15;105;62;81;95;124
7 x 16;112;144;69;200;107
7 x 17;119;120;130;140;99
7 x 18;126;26;86;159;112
7 x 19;133;23;300;98;139
8 x 11;88;800;99;18;183
8 x 12;96;107;92;123;116
8 x 13;104;100;93;82;160
8 x 14;112;128;96;42;19
8 x 15;120;145;65;139;140
8 x 16;128;180;162;190;200
8 x 17;136;140;88;92;35
8 x 18;144;150;180;93;62
8 x 19;152;200;300;24;180
9 x 11;99;100;92;91;68
9 x 12;108;120;80;79;200
9 x 13;117;120;158;63;19
9 x 14;126;133;98;700;12
9 x 15;135;150;121;53;88
9 x 16;144;235;52;100;44
9 x 17;153;160;89;24;132
9 x 18;162;180;94;66;127
9 x 19;171;180;153;172;195
S stvorca;a x a;2 x a;a;a x b;b - a
O stvorca;4 x a;a x a; a + b;b + b;3 + c
S obdlznika;a x b;a + b;b - a;b;b x 2
O obdlznika;2 x (a + b);2 + (a x a);a + b;b;3 x a
O trojuholnika;a + b + c;a x a x b;a - c;b x (a + b);c
S kruhu;pi x r x r;pi - 2; pi;pi x pi;2 + r
O kruhu;pi x d;d x d;d + r;r x d + 2;pi - 2
polomer;r;s;m;k;d
priemer;d;a;n;e;r